 old/new:   1.0129999999999999       0.87741393329289852     
 old/new:  0.87741393329289852       0.87741393329289863     
  0.87741393329289863       7.22918673142969592E-002  0.58592081482891245       0.34178731785679051       0.99999999999999989     
